 8.68853900336523e-001    3.20692460091213e+000
 8.70076298848948e-001    3.89377799383392e+000
 8.71596869220741e-001    4.19078550570080e+000
 8.73014158236739e-001    4.29743884967396e+000
 8.74029994037573e-001    4.73665980274772e+000
 8.74946792921892e-001    5.47878201826566e+000
 8.76268228350833e-001    6.33894697944637e+000
 8.77083868098997e-001    7.33159775653864e+000
 8.78100765009651e-001    8.27848652870083e+000
 8.79423261548412e-001    9.81236901580508e+000
 8.80237840186755e-001    1.10781069695800e+001
 8.81659373642032e-001    1.25123573950162e+001
 8.82975503521874e-001    1.28298948137218e+001
 8.84193657595020e-001    1.41431523269990e+001
 8.85209493395855e-001    1.55886572106818e+001
 8.86129475609633e-001    1.93860808891365e+001
 8.87346568572959e-001    2.08604328210640e+001
 8.88464624619769e-001    2.35562388533763e+001
 8.89685962022374e-001    2.79189163763302e+001
 8.90903054985700e-001    3.00422082645751e+001
 8.91814548320920e-001    3.07960160863130e+001
 8.93130678200762e-001    3.15775544603975e+001
 8.94553272765859e-001    3.65377590737540e+001
 8.95768243509545e-001    3.74623955736067e+001
 8.96781957090740e-001    3.93439877888382e+001
 8.97599719058543e-001    4.77572756341686e+001
 8.98922215597304e-001    5.66060003947992e+001
 8.99535537073156e-001    6.54611070490558e+001
 9.00858033611917e-001    7.75900928655926e+001
 9.02179469040858e-001    8.97716834080224e+001
 9.02996169898841e-001    1.06367930119541e+002
 9.04114225945651e-001    1.20113920441050e+002
 9.05334502238436e-001    1.38962021235659e+002
 9.06252362232575e-001    1.64663665475819e+002
 9.07065879761099e-001    1.81467824234718e+002
 9.08489535436015e-001    2.15106173938296e+002
 9.09704506179702e-001    2.20549721238653e+002
 9.10920538033208e-001    2.31659427791317e+002
 9.12440047295181e-001    2.43379725893221e+002
 9.13754054955383e-001    2.37787321905591e+002
 9.14867866562914e-001    2.43787826722441e+002
 9.16583327438279e-001    2.21599153966416e+002
